149790253669047910614984593220403937321498461897154252800
1499143613720272901
1499145139490635777
1499179838460121092
1499179938380980230
1499188820117442564
1499510233030443014
1499515024708186121
1499524103744765957
1499529267616620550
1499529962617032706
1499532200013975554
1499635342210650113
1500116907080527877
1499537062285955074
1500299383639842817
1500299455228223491
1500299611365326848
1500299795382026244
1500306211358576641
1500315481504456711
1500322903136555009
1500386747007614976
1500390266829783045
1500390396848975876
1500390681210232834
1500393613393641476
1500848549399080966
1500892483626094601
1500900971605549063
1500907002280792066
